translate
       1 Scer,
       2 Spar,
       3 Smik,
       4 Skud,
       5 Sbay,
       6 Scas,
       7 Sklu,
       8 Calb;
(1,(2,(3,(4,(5,(6,(7,8))))))); 12393
(1,(2,(3,(4,(5,((6,7),8)))))); 4387
(1,(2,(3,(4,(5,((6,8),7)))))); 2863
(1,(2,(3,((4,5),(6,(7,8)))))); 163
(1,(2,(3,((4,5),((6,7),8))))); 95
(1,(2,(3,((4,5),((6,8),7))))); 40
(1,((2,8),(3,(4,(5,(6,7)))))); 10
(1,(2,((3,(6,(7,8))),(4,5)))); 10
(1,(2,((3,((6,7),8)),(4,5)))); 9
(1,((2,(3,(4,(5,(6,7))))),8)); 6
(1,(2,((3,(4,(5,(6,7)))),8))); 5
(1,(2,(3,((4,(6,(7,8))),5)))); 5
(1,(2,(3,((4,((6,7),8)),5)))); 4
(1,(2,((3,((6,8),7)),(4,5)))); 3
(1,(2,(3,(4,((5,(6,7)),8))))); 3
(1,(2,((3,8),(4,(5,(6,7)))))); 2
(1,(2,(3,((4,((6,8),7)),5)))); 2
