(1,(2,(3,(4,(5,(6,(7,8))))))); 18314
(1,(2,(3,((4,(6,(7,8))),5)))); 11485
(1,(2,(3,(4,(5,((6,8),7)))))); 5713
(1,(2,(3,(4,(5,((6,7),8)))))); 5052
(1,(2,(3,((4,((6,8),7)),5)))); 3821
(1,(2,(3,((4,((6,7),8)),5)))); 3016
(1,(2,(3,((4,5),(6,(7,8)))))); 1679
(1,(2,(3,((4,5),((6,8),7))))); 463
(1,(2,(3,((4,5),((6,7),8))))); 355
(1,(2,(3,(4,((5,8),(6,7)))))); 59
(1,(2,(3,((4,(6,7)),(5,8))))); 12
(1,(2,(3,(4,((5,(6,7)),8))))); 8
(1,(2,(3,((4,8),(5,(6,7)))))); 6
(1,(2,(3,((4,(5,8)),(6,7))))); 5
(1,(2,(3,(((4,8),(6,7)),5)))); 4
(1,(2,(3,(((4,(6,7)),8),5)))); 3
(1,(2,((3,(6,(7,8))),(4,5)))); 2
(1,((2,8),(3,(4,(5,(6,7)))))); 1
(1,(2,(3,(((4,8),5),(6,7))))); 1
(1,(2,(3,((4,(5,(6,7))),8)))); 1
