(1,(2,(3,((4,(6,(7,8))),5)))); 28095
(1,(2,(3,(4,(5,(6,(7,8))))))); 14748
(1,(2,(3,((4,5),(6,(7,8)))))); 6822
(1,(2,((3,(6,(7,8))),(4,5)))); 262
(1,((2,(3,((4,6),5))),(7,8))); 34
(1,(2,(3,((4,6),(5,(7,8)))))); 10
(1,(2,((3,(4,5)),(6,(7,8))))); 9
(1,((2,(3,((4,5),6))),(7,8))); 6
(1,((2,(3,(4,(5,6)))),(7,8))); 4
(1,(2,(3,(((4,6),5),(7,8))))); 3
(1,((2,(7,8)),(3,((4,6),5)))); 2
(1,(2,((3,((4,5),6)),(7,8)))); 1
(1,(2,(3,(((4,6),(7,8)),5)))); 1
(1,(2,(3,((4,((6,7),8)),5)))); 1
(1,(2,(3,((4,((6,8),7)),5)))); 1
(1,(2,(3,((4,5),((6,7),8))))); 1
